species max_log10_error_dex cubic_vs_piecewise_dex pchip_vs_piecewise_dex cubic_vs_pchip_dex
CH3O2+ 4.802995041249e-01 4.801982085688e-01 4.802995041249e-01 1.012955560356e-04
c-C3H2+ 4.579718300532e-01 4.577103979931e-01 4.579718300532e-01 2.614320600571e-04
C3H+ 4.170885485496e-01 4.169082373970e-01 4.170885485496e-01 1.803111526044e-04
NH4+ 4.118963331941e-01 4.116608823375e-01 4.118963331941e-01 2.354508566000e-04
HOCO+ 3.982909802954e-01 3.982861903316e-01 3.982909802954e-01 4.789963764296e-06
CH2CN+ 3.887616995907e-01 3.885782773671e-01 3.887616995907e-01 1.834222235892e-04
C2O+ 3.823980001312e-01 3.822356954659e-01 3.823980001312e-01 1.623046652099e-04
H2COH+ 3.432116720678e-01 3.431476271729e-01 3.432116720678e-01 6.404489488432e-05
C2HO+ 3.395997154537e-01 3.394675381938e-01 3.395997154537e-01 1.321772598821e-04
CCO 3.246129836563e-01 3.245654366164e-01 3.246129836563e-01 4.754703994791e-05
CNC+ 3.125817316360e-01 3.123577005721e-01 3.125817316360e-01 2.240310639046e-04
C3+ 3.120143012460e-01 3.119557302457e-01 3.120143012460e-01 5.857100028805e-05
NH3+ 2.983644696819e-01 2.982129877624e-01 2.983644696819e-01 1.514819195663e-04
CCl+ 2.958600095339e-01 2.957162033432e-01 2.958600095339e-01 1.438061906960e-04
C2H3+ 2.951296446256e-01 2.950994684284e-01 2.951296446256e-01 3.017619714640e-05
NH2 2.902653723463e-01 2.901990448553e-01 2.902653723463e-01 6.632749092361e-05
SiNC+ 2.882537942366e-01 2.880559414605e-01 2.882537942366e-01 1.978527760578e-04
C2H2+ 2.813412719387e-01 2.813111425800e-01 2.813412719387e-01 3.012935875191e-05
CCH 2.807051909093e-01 2.807051909093e-01 2.806555064015e-01 4.968450781107e-05
H2NC+ 2.720143951381e-01 2.718976215880e-01 2.720143951381e-01 1.167735500296e-04
HCNH+ 2.681480291592e-01 2.679407888774e-01 2.681480291592e-01 2.072402817799e-04
HNC 2.650234757191e-01 2.649026741700e-01 2.650234757191e-01 1.208015490981e-04
HC2N+ 2.636141554660e-01 2.635302417537e-01 2.636141554660e-01 8.391371224192e-05
H2CO+ 2.618147298648e-01 2.617569897289e-01 2.618147298648e-01 5.774013594717e-05
HCN 2.509314010495e-01 2.508269022350e-01 2.509314010495e-01 1.044988145047e-04
HCO+ 2.429218902451e-01 2.429046266447e-01 2.429218902451e-01 1.726360037324e-05
HOC+ 2.391071215805e-01 2.390176261672e-01 2.391071215805e-01 8.949541332726e-05
H2Cl+ 2.386863873192e-01 2.385711006356e-01 2.386863873192e-01 1.152866836449e-04
HCl 2.361099959453e-01 2.360807464346e-01 2.361099959453e-01 2.924951069971e-05
H2F+ 2.310506227852e-01 2.309438549912e-01 2.310506227852e-01 1.067677940565e-04
HNO 2.307858178447e-01 2.307720448247e-01 2.307858178447e-01 1.377302003647e-05
N2H+ 2.254144088614e-01 2.252398133581e-01 2.254144088614e-01 1.745955032781e-04
OCS+ 2.215194738774e-01 2.213955160475e-01 2.215194738774e-01 1.239578299170e-04
CH3+ 2.141456723722e-01 2.141434409576e-01 2.141456723722e-01 2.231414622855e-06
C2N+ 2.081837531001e-01 2.081468214432e-01 2.081837531001e-01 3.693165688290e-05
CH3 2.075823073332e-01 2.075823073332e-01 2.074986289875e-01 8.367834570677e-05
HSiNH+ 2.008516916666e-01 2.006800231646e-01 2.008516916666e-01 1.716685020128e-04
CO2 1.903640175260e-01 1.903640175260e-01 1.903640175260e-01 0.000000000000e+00
NS+ 1.869861731221e-01 1.869136567989e-01 1.869861731221e-01 7.251632319161e-05
CO 1.851403309031e-01 1.851403309031e-01 1.850770518844e-01 6.327901874315e-05
H3O+ 1.839321189986e-01 1.838797259798e-01 1.839321189986e-01 5.239301874127e-05
Cl 1.825632037592e-01 1.825632037592e-01 1.825281898501e-01 3.501390915517e-05
N2 1.819689081433e-01 1.819689081433e-01 1.819345641731e-01 3.434397023661e-05
CF+ 1.802013896849e-01 1.800870761969e-01 1.802013896849e-01 1.143134880639e-04
SiF+ 1.802013785367e-01 1.800870652992e-01 1.802013785367e-01 1.143132374217e-04
H2O 1.796347978796e-01 1.796347978796e-01 1.796012486375e-01 3.354924210441e-05
PO+ 1.770293665082e-01 1.769817441099e-01 1.770293665082e-01 4.762239827194e-05
NH2+ 1.758716629019e-01 1.758295358094e-01 1.758716629019e-01 4.212709249174e-05
SO+ 1.724709872641e-01 1.724326921730e-01 1.724709872641e-01 3.829509111775e-05
CHSi+ 1.724083338142e-01 1.723690890528e-01 1.724083338142e-01 3.924476134998e-05
C2H+ 1.694763550974e-01 1.694763550974e-01 1.694288351107e-01 4.751998675800e-05
O2 1.655472859599e-01 1.655472859599e-01 1.654769288912e-01 7.035706875769e-05
CH2 1.639860886270e-01 1.639860886270e-01 1.639028868757e-01 8.320175134813e-05
PH+ 1.633862424862e-01 1.633700874819e-01 1.633862424862e-01 1.615500426055e-05
HCS+ 1.632426663688e-01 1.632200016861e-01 1.632426663688e-01 2.266468265688e-05
H2NO+ 1.579392394019e-01 1.578568216110e-01 1.579392394019e-01 8.241779087825e-05
C2 1.570649517577e-01 1.570649517577e-01 1.569933520329e-01 7.159972484772e-05
HCN+ 1.516449256854e-01 1.515631558141e-01 1.516449256854e-01 8.176987132202e-05
SiO+ 1.418283724741e-01 1.418283724741e-01 1.418172677274e-01 1.110474671506e-05
O+ 1.308548541741e-01 1.307368865008e-01 1.308548541741e-01 1.179676732610e-04
NaH2+ 1.252670332574e-01 1.251657206580e-01 1.252670332574e-01 1.013125994334e-04
PH2+ 1.252665853324e-01 1.251652740765e-01 1.252665853324e-01 1.013112559427e-04
HSiO+ 1.215336028402e-01 1.214217743922e-01 1.215336028402e-01 1.118284480341e-04
SiO 1.207121137383e-01 1.206863705133e-01 1.207121137383e-01 2.574322496329e-05
HF 1.191822898808e-01 1.191816229602e-01 1.191822898808e-01 6.669205774301e-07
PH 1.185853892250e-01 1.185700160555e-01 1.185853892250e-01 1.537316945033e-05
NO2+ 1.169707963461e-01 1.169204072001e-01 1.169707963461e-01 5.038914597577e-05
HNO+ 1.168801132584e-01 1.168298547093e-01 1.168801132584e-01 5.025854903273e-05
CO+ 1.143100919341e-01 1.143100919341e-01 1.142431115363e-01 6.698039775621e-05
OH 1.139769150153e-01 1.139769150153e-01 1.139060872291e-01 7.082778620138e-05
HCl+ 1.135909414360e-01 1.135885260195e-01 1.135909414360e-01 2.415416551216e-06
NaH 1.112362813010e-01 1.112209622961e-01 1.112362813010e-01 1.531900497653e-05
NO 1.111579990538e-01 1.111579990538e-01 1.111222061714e-01 3.579288246058e-05
N2+ 1.069419327667e-01 1.069419327667e-01 1.069286264076e-01 1.330635914698e-05
HF+ 1.057478597096e-01 1.057377189908e-01 1.057478597096e-01 1.014071886551e-05
NH+ 1.052331164150e-01 1.052331164150e-01 1.052212267797e-01 1.188963533139e-05
CH2+ 1.026175506497e-01 1.026160466660e-01 1.026175506497e-01 1.503983749984e-06
H3+ 7.880209943369e-02 7.880209943369e-02 7.876673372657e-02 3.536570712193e-05
CN 7.837178899047e-02 7.837143925646e-02 7.837178899047e-02 3.497340141934e-07
C2+ 7.691251371122e-02 7.691251371122e-02 7.684591012016e-02 6.660359106192e-05
HS+ 7.660107871251e-02 7.660107871251e-02 7.660078774700e-02 2.909655130168e-07
HNSi+ 7.570604144313e-02 7.564463795816e-02 7.570604144313e-02 6.140348496331e-05
H+ 7.402197456360e-02 7.392393964200e-02 7.402197456360e-02 9.803492160465e-05
CS+ 7.011005959044e-02 7.011005959044e-02 7.008674560694e-02 2.331398350464e-05
H2S+ 6.846255033836e-02 6.846189113372e-02 6.846255033836e-02 6.592046482012e-07
SiH2+ 6.695890196308e-02 6.695827637015e-02 6.695890196308e-02 6.255929250187e-07
H2 6.693917658959e-02 6.693856759459e-02 6.693917658959e-02 6.089950010946e-07
HNC+ 6.177364897950e-02 6.171306644578e-02 6.177364897950e-02 6.058253372032e-05
H2O+ 5.873026932215e-02 5.873026932215e-02 5.868013826623e-02 5.013105592333e-05
e- 5.851732466432e-02 5.843128445019e-02 5.851732466432e-02 8.604021412850e-05
SiH 5.549743876588e-02 5.549743876588e-02 5.541204102061e-02 8.539774526639e-05
NH 5.084112815809e-02 5.084112815809e-02 5.084102383699e-02 1.043210939855e-07
F+ 5.081789152194e-02 5.081789152194e-02 5.077945930946e-02 3.843221247912e-05
CH 4.945573228785e-02 4.945573228785e-02 4.937729513156e-02 7.843715629008e-05
SiC+ 4.711829523265e-02 4.711829523265e-02 4.705870142613e-02 5.959380652243e-05
N+ 4.532137020656e-02 4.532137020656e-02 4.530833772075e-02 1.303248581586e-05
GRAIN- 4.441006659446e-02 4.434582353873e-02 4.441006659446e-02 6.424305573383e-05
HS 4.060051037563e-02 4.060051037563e-02 4.051558233859e-02 8.492803704030e-05
OH+ 3.653313577553e-02 3.641537551471e-02 3.653313577553e-02 1.177602608289e-04
H- 2.758050621411e-02 2.749446703834e-02 2.758050621411e-02 8.603917576977e-05
NO+ 2.638459113065e-02 2.638459113065e-02 2.635763162512e-02 2.695950553111e-05
O- 2.443205106720e-02 2.434607799957e-02 2.443205106720e-02 8.597306763036e-05
C 1.817529314954e-02 1.817529314954e-02 1.811010367214e-02 6.518947740908e-05
O2+ 1.712822316209e-02 1.712822316209e-02 1.701776035078e-02 1.104628113193e-04
S 1.546512483664e-02 1.546512483664e-02 1.539788707910e-02 6.723775754480e-05
P 1.413504945931e-02 1.413504945931e-02 1.405118284946e-02 8.386660984172e-05
GRAIN0 1.386826405595e-02 1.384683022319e-02 1.386826405595e-02 2.143383275843e-05
CN+ 1.327641457392e-02 1.327621674738e-02 1.327641457392e-02 1.978265355973e-07
Na 1.238691899073e-02 1.232073183914e-02 1.238691899073e-02 6.618715159412e-05
SiN+ 8.893584457066e-03 8.893584457066e-03 8.893584457066e-03 0.000000000000e+00
Cl+ 7.987545270677e-03 7.985934323861e-03 7.987545270677e-03 1.610946815944e-06
H2+ 6.586989586904e-03 6.586989586904e-03 6.538307834644e-03 4.868175225958e-05
CH+ 5.807406825484e-03 5.807181978172e-03 5.807406825484e-03 2.248473123245e-07
Si 5.007472221369e-03 5.007472221369e-03 4.939616505613e-03 6.785571575563e-05
He+ 4.253750245596e-03 4.209171501561e-03 4.253750245596e-03 4.457874403485e-05
Fe 2.720739362323e-03 2.720739362323e-03 2.652826907802e-03 6.791245452042e-05
SiH+ 2.254460593964e-03 2.254452961701e-03 2.254460593964e-03 7.632262821744e-09
XH 1.873016712310e-03 1.873016712310e-03 1.873016678305e-03 3.400479897664e-11
Mg 1.502645696551e-03 1.436370146319e-03 1.502645696551e-03 6.627555023186e-05
F 4.998973026211e-04 4.996712079102e-04 4.998973026211e-04 2.260947109534e-07
O 5.039635807957e-05 5.032908582336e-05 5.039635807957e-05 6.727225621006e-08
H 9.826384130199e-06 9.826315993896e-06 9.826384130199e-06 6.813630283359e-11
N 3.970271598597e-06 3.970271598597e-06 3.967773915647e-06 2.497682949354e-09
Na+ 2.387201796239e-07 2.374262901839e-07 2.387201796239e-07 1.293889440035e-09
P+ 2.231426332600e-07 2.230990290286e-07 2.231426332600e-07 4.360423133676e-11
S+ 1.872290509297e-07 1.872290509297e-07 1.871607242521e-07 6.832667764911e-11
Si+ 9.687236790512e-08 9.687236790512e-08 9.686761792693e-08 4.749978188556e-12
C+ 7.347292196869e-08 7.347292196869e-08 7.321759465384e-08 2.553273148465e-10
Mg+ 7.970371029842e-09 7.618252695352e-09 7.970371029842e-09 3.521183344901e-10
He 5.455186524728e-09 5.429155347514e-09 5.455186524728e-09 2.603117721378e-11
Fe+ 1.626483836503e-09 1.626483836503e-09 1.586009545917e-09 4.047429058573e-11
C2N2 0.000000000000e+00 0.000000000000e+00 0.000000000000e+00 0.000000000000e+00
C9H+ 0.000000000000e+00 0.000000000000e+00 0.000000000000e+00 0.000000000000e+00
C9H 0.000000000000e+00 0.000000000000e+00 0.000000000000e+00 0.000000000000e+00
C2H5OH2+ 0.000000000000e+00 0.000000000000e+00 0.000000000000e+00 0.000000000000e+00
C2H5OH+ 0.000000000000e+00 0.000000000000e+00 0.000000000000e+00 0.000000000000e+00
C2H5CHO 0.000000000000e+00 0.000000000000e+00 0.000000000000e+00 0.000000000000e+00
CH2CCH 0.000000000000e+00 0.000000000000e+00 0.000000000000e+00 0.000000000000e+00
CH2CCH2 0.000000000000e+00 0.000000000000e+00 0.000000000000e+00 0.000000000000e+00
C2H5+ 0.000000000000e+00 0.000000000000e+00 0.000000000000e+00 0.000000000000e+00
CH2CHCHCH2 0.000000000000e+00 0.000000000000e+00 0.000000000000e+00 0.000000000000e+00
CH2CHCN 0.000000000000e+00 0.000000000000e+00 0.000000000000e+00 0.000000000000e+00
C2H5 0.000000000000e+00 0.000000000000e+00 0.000000000000e+00 0.000000000000e+00
CH2NH 0.000000000000e+00 0.000000000000e+00 0.000000000000e+00 0.000000000000e+00
CH2NH2 0.000000000000e+00 0.000000000000e+00 0.000000000000e+00 0.000000000000e+00
C2H4O+ 0.000000000000e+00 0.000000000000e+00 0.000000000000e+00 0.000000000000e+00
CH2NH2+ 0.000000000000e+00 0.000000000000e+00 0.000000000000e+00 0.000000000000e+00
C9- 0.000000000000e+00 0.000000000000e+00 0.000000000000e+00 0.000000000000e+00
CH2OH 0.000000000000e+00 0.000000000000e+00 0.000000000000e+00 0.000000000000e+00
CH2PH 0.000000000000e+00 0.000000000000e+00 0.000000000000e+00 0.000000000000e+00
C2H4+ 0.000000000000e+00 0.000000000000e+00 0.000000000000e+00 0.000000000000e+00
C2H4 0.000000000000e+00 0.000000000000e+00 0.000000000000e+00 0.000000000000e+00
C9N+ 0.000000000000e+00 0.000000000000e+00 0.000000000000e+00 0.000000000000e+00
C2H6 0.000000000000e+00 0.000000000000e+00 0.000000000000e+00 0.000000000000e+00
C9H4+ 0.000000000000e+00 0.000000000000e+00 0.000000000000e+00 0.000000000000e+00
C9H- 0.000000000000e+00 0.000000000000e+00 0.000000000000e+00 0.000000000000e+00
CCP 0.000000000000e+00 0.000000000000e+00 0.000000000000e+00 0.000000000000e+00
CCP+ 0.000000000000e+00 0.000000000000e+00 0.000000000000e+00 0.000000000000e+00
C9H4 0.000000000000e+00 0.000000000000e+00 0.000000000000e+00 0.000000000000e+00
C2H7+ 0.000000000000e+00 0.000000000000e+00 0.000000000000e+00 0.000000000000e+00
C9H3N+ 0.000000000000e+00 0.000000000000e+00 0.000000000000e+00 0.000000000000e+00
C9H5+ 0.000000000000e+00 0.000000000000e+00 0.000000000000e+00 0.000000000000e+00
CH2SH 0.000000000000e+00 0.000000000000e+00 0.000000000000e+00 0.000000000000e+00
CCS 0.000000000000e+00 0.000000000000e+00 0.000000000000e+00 0.000000000000e+00
CCl 0.000000000000e+00 0.000000000000e+00 0.000000000000e+00 0.000000000000e+00
C9H3+ 0.000000000000e+00 0.000000000000e+00 0.000000000000e+00 0.000000000000e+00
C9H3 0.000000000000e+00 0.000000000000e+00 0.000000000000e+00 0.000000000000e+00
C9H2N+ 0.000000000000e+00 0.000000000000e+00 0.000000000000e+00 0.000000000000e+00
CCN 0.000000000000e+00 0.000000000000e+00 0.000000000000e+00 0.000000000000e+00
C9H2+ 0.000000000000e+00 0.000000000000e+00 0.000000000000e+00 0.000000000000e+00
C2H6CO+ 0.000000000000e+00 0.000000000000e+00 0.000000000000e+00 0.000000000000e+00
C9H2 0.000000000000e+00 0.000000000000e+00 0.000000000000e+00 0.000000000000e+00
C9O 0.000000000000e+00 0.000000000000e+00 0.000000000000e+00 0.000000000000e+00
C9N 0.000000000000e+00 0.000000000000e+00 0.000000000000e+00 0.000000000000e+00
C2H6+ 0.000000000000e+00 0.000000000000e+00 0.000000000000e+00 0.000000000000e+00
C9HN+ 0.000000000000e+00 0.000000000000e+00 0.000000000000e+00 0.000000000000e+00
CH3C4H 0.000000000000e+00 0.000000000000e+00 0.000000000000e+00 0.000000000000e+00
CH2Si+ 0.000000000000e+00 0.000000000000e+00 0.000000000000e+00 0.000000000000e+00
C2H3CO+ 0.000000000000e+00 0.000000000000e+00 0.000000000000e+00 0.000000000000e+00
CH3COCH3 0.000000000000e+00 0.000000000000e+00 0.000000000000e+00 0.000000000000e+00
C10H2 0.000000000000e+00 0.000000000000e+00 0.000000000000e+00 0.000000000000e+00
CH3CS+ 0.000000000000e+00 0.000000000000e+00 0.000000000000e+00 0.000000000000e+00
CH3NCO 0.000000000000e+00 0.000000000000e+00 0.000000000000e+00 0.000000000000e+00
CH3NCO+ 0.000000000000e+00 0.000000000000e+00 0.000000000000e+00 0.000000000000e+00
C10H- 0.000000000000e+00 0.000000000000e+00 0.000000000000e+00 0.000000000000e+00
CH3NCOH+ 0.000000000000e+00 0.000000000000e+00 0.000000000000e+00 0.000000000000e+00
CH3NH2 0.000000000000e+00 0.000000000000e+00 0.000000000000e+00 0.000000000000e+00
CH3NH2+ 0.000000000000e+00 0.000000000000e+00 0.000000000000e+00 0.000000000000e+00
CH3NH3+ 0.000000000000e+00 0.000000000000e+00 0.000000000000e+00 0.000000000000e+00
CH3O 0.000000000000e+00 0.000000000000e+00 0.000000000000e+00 0.000000000000e+00
C10H+ 0.000000000000e+00 0.000000000000e+00 0.000000000000e+00 0.000000000000e+00
C10H 0.000000000000e+00 0.000000000000e+00 0.000000000000e+00 0.000000000000e+00
C10- 0.000000000000e+00 0.000000000000e+00 0.000000000000e+00 0.000000000000e+00
C10+ 0.000000000000e+00 0.000000000000e+00 0.000000000000e+00 0.000000000000e+00
CH3OCH2 0.000000000000e+00 0.000000000000e+00 0.000000000000e+00 0.000000000000e+00
C10 0.000000000000e+00 0.000000000000e+00 0.000000000000e+00 0.000000000000e+00
CH3OCH3 0.000000000000e+00 0.000000000000e+00 0.000000000000e+00 0.000000000000e+00
C- 0.000000000000e+00 0.000000000000e+00 0.000000000000e+00 0.000000000000e+00
CH3OCH3+ 0.000000000000e+00 0.000000000000e+00 0.000000000000e+00 0.000000000000e+00
CH3OCH4+ 0.000000000000e+00 0.000000000000e+00 0.000000000000e+00 0.000000000000e+00
CH3OH 0.000000000000e+00 0.000000000000e+00 0.000000000000e+00 0.000000000000e+00
CH3OH+ 0.000000000000e+00 0.000000000000e+00 0.000000000000e+00 0.000000000000e+00
CH3CO+ 0.000000000000e+00 0.000000000000e+00 0.000000000000e+00 0.000000000000e+00
C10H2+ 0.000000000000e+00 0.000000000000e+00 0.000000000000e+00 0.000000000000e+00
CH3CO 0.000000000000e+00 0.000000000000e+00 0.000000000000e+00 0.000000000000e+00
CH3CCH 0.000000000000e+00 0.000000000000e+00 0.000000000000e+00 0.000000000000e+00
C2H3CHO 0.000000000000e+00 0.000000000000e+00 0.000000000000e+00 0.000000000000e+00
C2H3 0.000000000000e+00 0.000000000000e+00 0.000000000000e+00 0.000000000000e+00
C2H2 0.000000000000e+00 0.000000000000e+00 0.000000000000e+00 0.000000000000e+00
CH3C3N 0.000000000000e+00 0.000000000000e+00 0.000000000000e+00 0.000000000000e+00
C11+ 0.000000000000e+00 0.000000000000e+00 0.000000000000e+00 0.000000000000e+00
C11 0.000000000000e+00 0.000000000000e+00 0.000000000000e+00 0.000000000000e+00
C9 0.000000000000e+00 0.000000000000e+00 0.000000000000e+00 0.000000000000e+00
CH3C5N 0.000000000000e+00 0.000000000000e+00 0.000000000000e+00 0.000000000000e+00
CH3C6H 0.000000000000e+00 0.000000000000e+00 0.000000000000e+00 0.000000000000e+00
CH3C7N 0.000000000000e+00 0.000000000000e+00 0.000000000000e+00 0.000000000000e+00
CH3CH2OH 0.000000000000e+00 0.000000000000e+00 0.000000000000e+00 0.000000000000e+00
C10H3+ 0.000000000000e+00 0.000000000000e+00 0.000000000000e+00 0.000000000000e+00
CH3CHCH2 0.000000000000e+00 0.000000000000e+00 0.000000000000e+00 0.000000000000e+00
CH3CHO 0.000000000000e+00 0.000000000000e+00 0.000000000000e+00 0.000000000000e+00
CH3CHOH+ 0.000000000000e+00 0.000000000000e+00 0.000000000000e+00 0.000000000000e+00
CH3CHS 0.000000000000e+00 0.000000000000e+00 0.000000000000e+00 0.000000000000e+00
CH3CHSH+ 0.000000000000e+00 0.000000000000e+00 0.000000000000e+00 0.000000000000e+00
CH3CN 0.000000000000e+00 0.000000000000e+00 0.000000000000e+00 0.000000000000e+00
CH3CN+ 0.000000000000e+00 0.000000000000e+00 0.000000000000e+00 0.000000000000e+00
CH3CNH+ 0.000000000000e+00 0.000000000000e+00 0.000000000000e+00 0.000000000000e+00
C10N+ 0.000000000000e+00 0.000000000000e+00 0.000000000000e+00 0.000000000000e+00
C10N 0.000000000000e+00 0.000000000000e+00 0.000000000000e+00 0.000000000000e+00
C9+ 0.000000000000e+00 0.000000000000e+00 0.000000000000e+00 0.000000000000e+00
C8H3+ 0.000000000000e+00 0.000000000000e+00 0.000000000000e+00 0.000000000000e+00
C8N+ 0.000000000000e+00 0.000000000000e+00 0.000000000000e+00 0.000000000000e+00
C8N 0.000000000000e+00 0.000000000000e+00 0.000000000000e+00 0.000000000000e+00
C5H+ 0.000000000000e+00 0.000000000000e+00 0.000000000000e+00 0.000000000000e+00
C5H- 0.000000000000e+00 0.000000000000e+00 0.000000000000e+00 0.000000000000e+00
C3O 0.000000000000e+00 0.000000000000e+00 0.000000000000e+00 0.000000000000e+00
C3N- 0.000000000000e+00 0.000000000000e+00 0.000000000000e+00 0.000000000000e+00
C3N+ 0.000000000000e+00 0.000000000000e+00 0.000000000000e+00 0.000000000000e+00
C5H2 0.000000000000e+00 0.000000000000e+00 0.000000000000e+00 0.000000000000e+00
C5H2+ 0.000000000000e+00 0.000000000000e+00 0.000000000000e+00 0.000000000000e+00
C5H3 0.000000000000e+00 0.000000000000e+00 0.000000000000e+00 0.000000000000e+00
C5H3+ 0.000000000000e+00 0.000000000000e+00 0.000000000000e+00 0.000000000000e+00
C5H3N+ 0.000000000000e+00 0.000000000000e+00 0.000000000000e+00 0.000000000000e+00
C3N 0.000000000000e+00 0.000000000000e+00 0.000000000000e+00 0.000000000000e+00
C3H9+ 0.000000000000e+00 0.000000000000e+00 0.000000000000e+00 0.000000000000e+00
C5H4 0.000000000000e+00 0.000000000000e+00 0.000000000000e+00 0.000000000000e+00
C5H4+ 0.000000000000e+00 0.000000000000e+00 0.000000000000e+00 0.000000000000e+00
C5H4N+ 0.000000000000e+00 0.000000000000e+00 0.000000000000e+00 0.000000000000e+00
C5H5+ 0.000000000000e+00 0.000000000000e+00 0.000000000000e+00 0.000000000000e+00
C5N 0.000000000000e+00 0.000000000000e+00 0.000000000000e+00 0.000000000000e+00
C5N+ 0.000000000000e+00 0.000000000000e+00 0.000000000000e+00 0.000000000000e+00
C5O 0.000000000000e+00 0.000000000000e+00 0.000000000000e+00 0.000000000000e+00
C6 0.000000000000e+00 0.000000000000e+00 0.000000000000e+00 0.000000000000e+00
C3H8 0.000000000000e+00 0.000000000000e+00 0.000000000000e+00 0.000000000000e+00
C3H7+ 0.000000000000e+00 0.000000000000e+00 0.000000000000e+00 0.000000000000e+00
C6+ 0.000000000000e+00 0.000000000000e+00 0.000000000000e+00 0.000000000000e+00
C6- 0.000000000000e+00 0.000000000000e+00 0.000000000000e+00 0.000000000000e+00
C6H 0.000000000000e+00 0.000000000000e+00 0.000000000000e+00 0.000000000000e+00
C5H 0.000000000000e+00 0.000000000000e+00 0.000000000000e+00 0.000000000000e+00
C5- 0.000000000000e+00 0.000000000000e+00 0.000000000000e+00 0.000000000000e+00
C5+ 0.000000000000e+00 0.000000000000e+00 0.000000000000e+00 0.000000000000e+00
C4H4 0.000000000000e+00 0.000000000000e+00 0.000000000000e+00 0.000000000000e+00
C4- 0.000000000000e+00 0.000000000000e+00 0.000000000000e+00 0.000000000000e+00
C4H 0.000000000000e+00 0.000000000000e+00 0.000000000000e+00 0.000000000000e+00
C4+ 0.000000000000e+00 0.000000000000e+00 0.000000000000e+00 0.000000000000e+00
C4H+ 0.000000000000e+00 0.000000000000e+00 0.000000000000e+00 0.000000000000e+00
C4H- 0.000000000000e+00 0.000000000000e+00 0.000000000000e+00 0.000000000000e+00
C4 0.000000000000e+00 0.000000000000e+00 0.000000000000e+00 0.000000000000e+00
C4H2 0.000000000000e+00 0.000000000000e+00 0.000000000000e+00 0.000000000000e+00
C3S+ 0.000000000000e+00 0.000000000000e+00 0.000000000000e+00 0.000000000000e+00
C4H2+ 0.000000000000e+00 0.000000000000e+00 0.000000000000e+00 0.000000000000e+00
C4H3 0.000000000000e+00 0.000000000000e+00 0.000000000000e+00 0.000000000000e+00
C4H3+ 0.000000000000e+00 0.000000000000e+00 0.000000000000e+00 0.000000000000e+00
C4H4+ 0.000000000000e+00 0.000000000000e+00 0.000000000000e+00 0.000000000000e+00
C5 0.000000000000e+00 0.000000000000e+00 0.000000000000e+00 0.000000000000e+00
C4H5+ 0.000000000000e+00 0.000000000000e+00 0.000000000000e+00 0.000000000000e+00
C4H7+ 0.000000000000e+00 0.000000000000e+00 0.000000000000e+00 0.000000000000e+00
C4N 0.000000000000e+00 0.000000000000e+00 0.000000000000e+00 0.000000000000e+00
C4N+ 0.000000000000e+00 0.000000000000e+00 0.000000000000e+00 0.000000000000e+00
C4P 0.000000000000e+00 0.000000000000e+00 0.000000000000e+00 0.000000000000e+00
C4P+ 0.000000000000e+00 0.000000000000e+00 0.000000000000e+00 0.000000000000e+00
C4S 0.000000000000e+00 0.000000000000e+00 0.000000000000e+00 0.000000000000e+00
C3S 0.000000000000e+00 0.000000000000e+00 0.000000000000e+00 0.000000000000e+00
C3P 0.000000000000e+00 0.000000000000e+00 0.000000000000e+00 0.000000000000e+00
C3O+ 0.000000000000e+00 0.000000000000e+00 0.000000000000e+00 0.000000000000e+00
C4S+ 0.000000000000e+00 0.000000000000e+00 0.000000000000e+00 0.000000000000e+00
C6H+ 0.000000000000e+00 0.000000000000e+00 0.000000000000e+00 0.000000000000e+00
C6H- 0.000000000000e+00 0.000000000000e+00 0.000000000000e+00 0.000000000000e+00
C6H2 0.000000000000e+00 0.000000000000e+00 0.000000000000e+00 0.000000000000e+00
C8- 0.000000000000e+00 0.000000000000e+00 0.000000000000e+00 0.000000000000e+00
C7H3 0.000000000000e+00 0.000000000000e+00 0.000000000000e+00 0.000000000000e+00
C7H3+ 0.000000000000e+00 0.000000000000e+00 0.000000000000e+00 0.000000000000e+00
C7H4 0.000000000000e+00 0.000000000000e+00 0.000000000000e+00 0.000000000000e+00
C7H4+ 0.000000000000e+00 0.000000000000e+00 0.000000000000e+00 0.000000000000e+00
C7H5+ 0.000000000000e+00 0.000000000000e+00 0.000000000000e+00 0.000000000000e+00
C7N 0.000000000000e+00 0.000000000000e+00 0.000000000000e+00 0.000000000000e+00
C7N+ 0.000000000000e+00 0.000000000000e+00 0.000000000000e+00 0.000000000000e+00
C2S+ 0.000000000000e+00 0.000000000000e+00 0.000000000000e+00 0.000000000000e+00
C7O 0.000000000000e+00 0.000000000000e+00 0.000000000000e+00 0.000000000000e+00
C8 0.000000000000e+00 0.000000000000e+00 0.000000000000e+00 0.000000000000e+00
C8+ 0.000000000000e+00 0.000000000000e+00 0.000000000000e+00 0.000000000000e+00
C8H 0.000000000000e+00 0.000000000000e+00 0.000000000000e+00 0.000000000000e+00
C3 0.000000000000e+00 0.000000000000e+00 0.000000000000e+00 0.000000000000e+00
C8H+ 0.000000000000e+00 0.000000000000e+00 0.000000000000e+00 0.000000000000e+00
C8H- 0.000000000000e+00 0.000000000000e+00 0.000000000000e+00 0.000000000000e+00
C2N2H+ 0.000000000000e+00 0.000000000000e+00 0.000000000000e+00 0.000000000000e+00
C8H2 0.000000000000e+00 0.000000000000e+00 0.000000000000e+00 0.000000000000e+00
C2N2+ 0.000000000000e+00 0.000000000000e+00 0.000000000000e+00 0.000000000000e+00
C8H2+ 0.000000000000e+00 0.000000000000e+00 0.000000000000e+00 0.000000000000e+00
C8H3 0.000000000000e+00 0.000000000000e+00 0.000000000000e+00 0.000000000000e+00
C8H4 0.000000000000e+00 0.000000000000e+00 0.000000000000e+00 0.000000000000e+00
C8H4+ 0.000000000000e+00 0.000000000000e+00 0.000000000000e+00 0.000000000000e+00
C8H4N+ 0.000000000000e+00 0.000000000000e+00 0.000000000000e+00 0.000000000000e+00
C8H5+ 0.000000000000e+00 0.000000000000e+00 0.000000000000e+00 0.000000000000e+00
C7H2N+ 0.000000000000e+00 0.000000000000e+00 0.000000000000e+00 0.000000000000e+00
C7H2+ 0.000000000000e+00 0.000000000000e+00 0.000000000000e+00 0.000000000000e+00
C6H2+ 0.000000000000e+00 0.000000000000e+00 0.000000000000e+00 0.000000000000e+00
C3H5 0.000000000000e+00 0.000000000000e+00 0.000000000000e+00 0.000000000000e+00
CH3S 0.000000000000e+00 0.000000000000e+00 0.000000000000e+00 0.000000000000e+00
C6H3 0.000000000000e+00 0.000000000000e+00 0.000000000000e+00 0.000000000000e+00
C6H3+ 0.000000000000e+00 0.000000000000e+00 0.000000000000e+00 0.000000000000e+00
C6H4 0.000000000000e+00 0.000000000000e+00 0.000000000000e+00 0.000000000000e+00
C6H4+ 0.000000000000e+00 0.000000000000e+00 0.000000000000e+00 0.000000000000e+00
C3H7 0.000000000000e+00 0.000000000000e+00 0.000000000000e+00 0.000000000000e+00
C6H5+ 0.000000000000e+00 0.000000000000e+00 0.000000000000e+00 0.000000000000e+00
C3H6OH+ 0.000000000000e+00 0.000000000000e+00 0.000000000000e+00 0.000000000000e+00
C6H6 0.000000000000e+00 0.000000000000e+00 0.000000000000e+00 0.000000000000e+00
C6H7+ 0.000000000000e+00 0.000000000000e+00 0.000000000000e+00 0.000000000000e+00
C3H5+ 0.000000000000e+00 0.000000000000e+00 0.000000000000e+00 0.000000000000e+00
C6N 0.000000000000e+00 0.000000000000e+00 0.000000000000e+00 0.000000000000e+00
C7H2 0.000000000000e+00 0.000000000000e+00 0.000000000000e+00 0.000000000000e+00
C6N+ 0.000000000000e+00 0.000000000000e+00 0.000000000000e+00 0.000000000000e+00
C7 0.000000000000e+00 0.000000000000e+00 0.000000000000e+00 0.000000000000e+00
C7+ 0.000000000000e+00 0.000000000000e+00 0.000000000000e+00 0.000000000000e+00
C7- 0.000000000000e+00 0.000000000000e+00 0.000000000000e+00 0.000000000000e+00
C7H 0.000000000000e+00 0.000000000000e+00 0.000000000000e+00 0.000000000000e+00
C7H+ 0.000000000000e+00 0.000000000000e+00 0.000000000000e+00 0.000000000000e+00
C3H4+ 0.000000000000e+00 0.000000000000e+00 0.000000000000e+00 0.000000000000e+00
C3H3NH+ 0.000000000000e+00 0.000000000000e+00 0.000000000000e+00 0.000000000000e+00
C7H- 0.000000000000e+00 0.000000000000e+00 0.000000000000e+00 0.000000000000e+00
C3H3N+ 0.000000000000e+00 0.000000000000e+00 0.000000000000e+00 0.000000000000e+00
C3- 0.000000000000e+00 0.000000000000e+00 0.000000000000e+00 0.000000000000e+00
CH3OH2+ 0.000000000000e+00 0.000000000000e+00 0.000000000000e+00 0.000000000000e+00
t-C3H2 0.000000000000e+00 0.000000000000e+00 0.000000000000e+00 0.000000000000e+00
CH3SH 0.000000000000e+00 0.000000000000e+00 0.000000000000e+00 0.000000000000e+00
NH3 0.000000000000e+00 0.000000000000e+00 0.000000000000e+00 0.000000000000e+00
NCSH 0.000000000000e+00 0.000000000000e+00 0.000000000000e+00 0.000000000000e+00
NH2CH2O 0.000000000000e+00 0.000000000000e+00 0.000000000000e+00 0.000000000000e+00
NH2CH2O+ 0.000000000000e+00 0.000000000000e+00 0.000000000000e+00 0.000000000000e+00
NH2CH2OH 0.000000000000e+00 0.000000000000e+00 0.000000000000e+00 0.000000000000e+00
NH2CH2S 0.000000000000e+00 0.000000000000e+00 0.000000000000e+00 0.000000000000e+00
NH2CH2SH 0.000000000000e+00 0.000000000000e+00 0.000000000000e+00 0.000000000000e+00
NH2CHO 0.000000000000e+00 0.000000000000e+00 0.000000000000e+00 0.000000000000e+00
NH2CHS 0.000000000000e+00 0.000000000000e+00 0.000000000000e+00 0.000000000000e+00
NH2CHSH+ 0.000000000000e+00 0.000000000000e+00 0.000000000000e+00 0.000000000000e+00
NH2CN 0.000000000000e+00 0.000000000000e+00 0.000000000000e+00 0.000000000000e+00
NH2CNH+ 0.000000000000e+00 0.000000000000e+00 0.000000000000e+00 0.000000000000e+00
NH2CO 0.000000000000e+00 0.000000000000e+00 0.000000000000e+00 0.000000000000e+00
NH3CH2SH+ 0.000000000000e+00 0.000000000000e+00 0.000000000000e+00 0.000000000000e+00
PC2H4+ 0.000000000000e+00 0.000000000000e+00 0.000000000000e+00 0.000000000000e+00
NHCHO 0.000000000000e+00 0.000000000000e+00 0.000000000000e+00 0.000000000000e+00
NO2 0.000000000000e+00 0.000000000000e+00 0.000000000000e+00 0.000000000000e+00
NS 0.000000000000e+00 0.000000000000e+00 0.000000000000e+00 0.000000000000e+00
NaH2O+ 0.000000000000e+00 0.000000000000e+00 0.000000000000e+00 0.000000000000e+00
NaOH 0.000000000000e+00 0.000000000000e+00 0.000000000000e+00 0.000000000000e+00
O2H 0.000000000000e+00 0.000000000000e+00 0.000000000000e+00 0.000000000000e+00
O3 0.000000000000e+00 0.000000000000e+00 0.000000000000e+00 0.000000000000e+00
OCN 0.000000000000e+00 0.000000000000e+00 0.000000000000e+00 0.000000000000e+00
OCS 0.000000000000e+00 0.000000000000e+00 0.000000000000e+00 0.000000000000e+00
OH- 0.000000000000e+00 0.000000000000e+00 0.000000000000e+00 0.000000000000e+00
PC2H+ 0.000000000000e+00 0.000000000000e+00 0.000000000000e+00 0.000000000000e+00
PC2H2+ 0.000000000000e+00 0.000000000000e+00 0.000000000000e+00 0.000000000000e+00
NCO+ 0.000000000000e+00 0.000000000000e+00 0.000000000000e+00 0.000000000000e+00
NC8N 0.000000000000e+00 0.000000000000e+00 0.000000000000e+00 0.000000000000e+00
NC6N 0.000000000000e+00 0.000000000000e+00 0.000000000000e+00 0.000000000000e+00
NC4N 0.000000000000e+00 0.000000000000e+00 0.000000000000e+00 0.000000000000e+00
HOCN 0.000000000000e+00 0.000000000000e+00 0.000000000000e+00 0.000000000000e+00
HOCN+ 0.000000000000e+00 0.000000000000e+00 0.000000000000e+00 0.000000000000e+00
HOCO 0.000000000000e+00 0.000000000000e+00 0.000000000000e+00 0.000000000000e+00
HOCS+ 0.000000000000e+00 0.000000000000e+00 0.000000000000e+00 0.000000000000e+00
HONC 0.000000000000e+00 0.000000000000e+00 0.000000000000e+00 0.000000000000e+00
HONC+ 0.000000000000e+00 0.000000000000e+00 0.000000000000e+00 0.000000000000e+00
HOOH 0.000000000000e+00 0.000000000000e+00 0.000000000000e+00 0.000000000000e+00
HPN+ 0.000000000000e+00 0.000000000000e+00 0.000000000000e+00 0.000000000000e+00
HPO 0.000000000000e+00 0.000000000000e+00 0.000000000000e+00 0.000000000000e+00
HPO+ 0.000000000000e+00 0.000000000000e+00 0.000000000000e+00 0.000000000000e+00
HS2+ 0.000000000000e+00 0.000000000000e+00 0.000000000000e+00 0.000000000000e+00
HSCN 0.000000000000e+00 0.000000000000e+00 0.000000000000e+00 0.000000000000e+00
HSCN+ 0.000000000000e+00 0.000000000000e+00 0.000000000000e+00 0.000000000000e+00
HSO 0.000000000000e+00 0.000000000000e+00 0.000000000000e+00 0.000000000000e+00
HSO+ 0.000000000000e+00 0.000000000000e+00 0.000000000000e+00 0.000000000000e+00
HSO2+ 0.000000000000e+00 0.000000000000e+00 0.000000000000e+00 0.000000000000e+00
HSS 0.000000000000e+00 0.000000000000e+00 0.000000000000e+00 0.000000000000e+00
HSSH 0.000000000000e+00 0.000000000000e+00 0.000000000000e+00 0.000000000000e+00
HSiO2+ 0.000000000000e+00 0.000000000000e+00 0.000000000000e+00 0.000000000000e+00
HSiS+ 0.000000000000e+00 0.000000000000e+00 0.000000000000e+00 0.000000000000e+00
HeH+ 0.000000000000e+00 0.000000000000e+00 0.000000000000e+00 0.000000000000e+00
MgH 0.000000000000e+00 0.000000000000e+00 0.000000000000e+00 0.000000000000e+00
MgH2 0.000000000000e+00 0.000000000000e+00 0.000000000000e+00 0.000000000000e+00
N2O 0.000000000000e+00 0.000000000000e+00 0.000000000000e+00 0.000000000000e+00
NC3N 0.000000000000e+00 0.000000000000e+00 0.000000000000e+00 0.000000000000e+00
PC2H3+ 0.000000000000e+00 0.000000000000e+00 0.000000000000e+00 0.000000000000e+00
PC3H+ 0.000000000000e+00 0.000000000000e+00 0.000000000000e+00 0.000000000000e+00
HO2+ 0.000000000000e+00 0.000000000000e+00 0.000000000000e+00 0.000000000000e+00
SiS 0.000000000000e+00 0.000000000000e+00 0.000000000000e+00 0.000000000000e+00
SiCH3+ 0.000000000000e+00 0.000000000000e+00 0.000000000000e+00 0.000000000000e+00
SiCH4+ 0.000000000000e+00 0.000000000000e+00 0.000000000000e+00 0.000000000000e+00
SiH2 0.000000000000e+00 0.000000000000e+00 0.000000000000e+00 0.000000000000e+00
SiH3 0.000000000000e+00 0.000000000000e+00 0.000000000000e+00 0.000000000000e+00
SiH3+ 0.000000000000e+00 0.000000000000e+00 0.000000000000e+00 0.000000000000e+00
SiH4 0.000000000000e+00 0.000000000000e+00 0.000000000000e+00 0.000000000000e+00
SiH4+ 0.000000000000e+00 0.000000000000e+00 0.000000000000e+00 0.000000000000e+00
SiH5+ 0.000000000000e+00 0.000000000000e+00 0.000000000000e+00 0.000000000000e+00
SiN 0.000000000000e+00 0.000000000000e+00 0.000000000000e+00 0.000000000000e+00
SiNC 0.000000000000e+00 0.000000000000e+00 0.000000000000e+00 0.000000000000e+00
SiNCH+ 0.000000000000e+00 0.000000000000e+00 0.000000000000e+00 0.000000000000e+00
SiO2 0.000000000000e+00 0.000000000000e+00 0.000000000000e+00 0.000000000000e+00
SiS+ 0.000000000000e+00 0.000000000000e+00 0.000000000000e+00 0.000000000000e+00
PC4H+ 0.000000000000e+00 0.000000000000e+00 0.000000000000e+00 0.000000000000e+00
c-C3H 0.000000000000e+00 0.000000000000e+00 0.000000000000e+00 0.000000000000e+00
c-C3H2 0.000000000000e+00 0.000000000000e+00 0.000000000000e+00 0.000000000000e+00
c-C3H2O 0.000000000000e+00 0.000000000000e+00 0.000000000000e+00 0.000000000000e+00
c-C3H2OH+ 0.000000000000e+00 0.000000000000e+00 0.000000000000e+00 0.000000000000e+00
c-C3H3+ 0.000000000000e+00 0.000000000000e+00 0.000000000000e+00 0.000000000000e+00
c-HCCHSi 0.000000000000e+00 0.000000000000e+00 0.000000000000e+00 0.000000000000e+00
c-SiC2 0.000000000000e+00 0.000000000000e+00 0.000000000000e+00 0.000000000000e+00
l-C3H 0.000000000000e+00 0.000000000000e+00 0.000000000000e+00 0.000000000000e+00
l-C3H2 0.000000000000e+00 0.000000000000e+00 0.000000000000e+00 0.000000000000e+00
l-C3H2+ 0.000000000000e+00 0.000000000000e+00 0.000000000000e+00 0.000000000000e+00
l-C3H3+ 0.000000000000e+00 0.000000000000e+00 0.000000000000e+00 0.000000000000e+00
l-SiC3 0.000000000000e+00 0.000000000000e+00 0.000000000000e+00 0.000000000000e+00
SiCH3 0.000000000000e+00 0.000000000000e+00 0.000000000000e+00 0.000000000000e+00
SiCH2 0.000000000000e+00 0.000000000000e+00 0.000000000000e+00 0.000000000000e+00
SiC4H+ 0.000000000000e+00 0.000000000000e+00 0.000000000000e+00 0.000000000000e+00
SiC4+ 0.000000000000e+00 0.000000000000e+00 0.000000000000e+00 0.000000000000e+00
PC4H2+ 0.000000000000e+00 0.000000000000e+00 0.000000000000e+00 0.000000000000e+00
PCH2+ 0.000000000000e+00 0.000000000000e+00 0.000000000000e+00 0.000000000000e+00
PCH3+ 0.000000000000e+00 0.000000000000e+00 0.000000000000e+00 0.000000000000e+00
PCH4+ 0.000000000000e+00 0.000000000000e+00 0.000000000000e+00 0.000000000000e+00
PH2 0.000000000000e+00 0.000000000000e+00 0.000000000000e+00 0.000000000000e+00
PH3+ 0.000000000000e+00 0.000000000000e+00 0.000000000000e+00 0.000000000000e+00
PN 0.000000000000e+00 0.000000000000e+00 0.000000000000e+00 0.000000000000e+00
PN+ 0.000000000000e+00 0.000000000000e+00 0.000000000000e+00 0.000000000000e+00
PNH2+ 0.000000000000e+00 0.000000000000e+00 0.000000000000e+00 0.000000000000e+00
PO 0.000000000000e+00 0.000000000000e+00 0.000000000000e+00 0.000000000000e+00
S- 0.000000000000e+00 0.000000000000e+00 0.000000000000e+00 0.000000000000e+00
S2 0.000000000000e+00 0.000000000000e+00 0.000000000000e+00 0.000000000000e+00
S2+ 0.000000000000e+00 0.000000000000e+00 0.000000000000e+00 0.000000000000e+00
SO 0.000000000000e+00 0.000000000000e+00 0.000000000000e+00 0.000000000000e+00
SO2 0.000000000000e+00 0.000000000000e+00 0.000000000000e+00 0.000000000000e+00
SO2+ 0.000000000000e+00 0.000000000000e+00 0.000000000000e+00 0.000000000000e+00
SiC 0.000000000000e+00 0.000000000000e+00 0.000000000000e+00 0.000000000000e+00
SiC2+ 0.000000000000e+00 0.000000000000e+00 0.000000000000e+00 0.000000000000e+00
SiC2H+ 0.000000000000e+00 0.000000000000e+00 0.000000000000e+00 0.000000000000e+00
SiC2H2+ 0.000000000000e+00 0.000000000000e+00 0.000000000000e+00 0.000000000000e+00
SiC2H3+ 0.000000000000e+00 0.000000000000e+00 0.000000000000e+00 0.000000000000e+00
SiC3H 0.000000000000e+00 0.000000000000e+00 0.000000000000e+00 0.000000000000e+00
SiC3H+ 0.000000000000e+00 0.000000000000e+00 0.000000000000e+00 0.000000000000e+00
SiC3H2+ 0.000000000000e+00 0.000000000000e+00 0.000000000000e+00 0.000000000000e+00
SiC4 0.000000000000e+00 0.000000000000e+00 0.000000000000e+00 0.000000000000e+00
HOCHN 0.000000000000e+00 0.000000000000e+00 0.000000000000e+00 0.000000000000e+00
HNSi 0.000000000000e+00 0.000000000000e+00 0.000000000000e+00 0.000000000000e+00
CH3SH+ 0.000000000000e+00 0.000000000000e+00 0.000000000000e+00 0.000000000000e+00
H2S3 0.000000000000e+00 0.000000000000e+00 0.000000000000e+00 0.000000000000e+00
H2CNO+ 0.000000000000e+00 0.000000000000e+00 0.000000000000e+00 0.000000000000e+00
l-SiC3+ 0.000000000000e+00 0.000000000000e+00 0.000000000000e+00 0.000000000000e+00
H2CO 0.000000000000e+00 0.000000000000e+00 0.000000000000e+00 0.000000000000e+00
H2CS 0.000000000000e+00 0.000000000000e+00 0.000000000000e+00 0.000000000000e+00
H2CS+ 0.000000000000e+00 0.000000000000e+00 0.000000000000e+00 0.000000000000e+00
H2CSH+ 0.000000000000e+00 0.000000000000e+00 0.000000000000e+00 0.000000000000e+00
H2NCO+ 0.000000000000e+00 0.000000000000e+00 0.000000000000e+00 0.000000000000e+00
H2NCS+ 0.000000000000e+00 0.000000000000e+00 0.000000000000e+00 0.000000000000e+00
H2OCN+ 0.000000000000e+00 0.000000000000e+00 0.000000000000e+00 0.000000000000e+00
H2PO+ 0.000000000000e+00 0.000000000000e+00 0.000000000000e+00 0.000000000000e+00
H2S 0.000000000000e+00 0.000000000000e+00 0.000000000000e+00 0.000000000000e+00
H2S2+ 0.000000000000e+00 0.000000000000e+00 0.000000000000e+00 0.000000000000e+00
H2SCN+ 0.000000000000e+00 0.000000000000e+00 0.000000000000e+00 0.000000000000e+00
HC2O 0.000000000000e+00 0.000000000000e+00 0.000000000000e+00 0.000000000000e+00
H2SiO 0.000000000000e+00 0.000000000000e+00 0.000000000000e+00 0.000000000000e+00
H2SiO+ 0.000000000000e+00 0.000000000000e+00 0.000000000000e+00 0.000000000000e+00
H3C4N+ 0.000000000000e+00 0.000000000000e+00 0.000000000000e+00 0.000000000000e+00
H3C4NH+ 0.000000000000e+00 0.000000000000e+00 0.000000000000e+00 0.000000000000e+00
H3C6NH+ 0.000000000000e+00 0.000000000000e+00 0.000000000000e+00 0.000000000000e+00
H3C7N+ 0.000000000000e+00 0.000000000000e+00 0.000000000000e+00 0.000000000000e+00
H3S+ 0.000000000000e+00 0.000000000000e+00 0.000000000000e+00 0.000000000000e+00
H3S2+ 0.000000000000e+00 0.000000000000e+00 0.000000000000e+00 0.000000000000e+00
H3SiO+ 0.000000000000e+00 0.000000000000e+00 0.000000000000e+00 0.000000000000e+00
H5C2O2+ 0.000000000000e+00 0.000000000000e+00 0.000000000000e+00 0.000000000000e+00
H5C3O+ 0.000000000000e+00 0.000000000000e+00 0.000000000000e+00 0.000000000000e+00
HC10N+ 0.000000000000e+00 0.000000000000e+00 0.000000000000e+00 0.000000000000e+00
H2CN 0.000000000000e+00 0.000000000000e+00 0.000000000000e+00 0.000000000000e+00
H2CCl+ 0.000000000000e+00 0.000000000000e+00 0.000000000000e+00 0.000000000000e+00
H2CCS 0.000000000000e+00 0.000000000000e+00 0.000000000000e+00 0.000000000000e+00
H2CCO+ 0.000000000000e+00 0.000000000000e+00 0.000000000000e+00 0.000000000000e+00
CH3SH2+ 0.000000000000e+00 0.000000000000e+00 0.000000000000e+00 0.000000000000e+00
CH4 0.000000000000e+00 0.000000000000e+00 0.000000000000e+00 0.000000000000e+00
CH4+ 0.000000000000e+00 0.000000000000e+00 0.000000000000e+00 0.000000000000e+00
CH5+ 0.000000000000e+00 0.000000000000e+00 0.000000000000e+00 0.000000000000e+00
CN- 0.000000000000e+00 0.000000000000e+00 0.000000000000e+00 0.000000000000e+00
CNCN 0.000000000000e+00 0.000000000000e+00 0.000000000000e+00 0.000000000000e+00
CNO 0.000000000000e+00 0.000000000000e+00 0.000000000000e+00 0.000000000000e+00
CO2+ 0.000000000000e+00 0.000000000000e+00 0.000000000000e+00 0.000000000000e+00
COOCH4+ 0.000000000000e+00 0.000000000000e+00 0.000000000000e+00 0.000000000000e+00
CP 0.000000000000e+00 0.000000000000e+00 0.000000000000e+00 0.000000000000e+00
CP+ 0.000000000000e+00 0.000000000000e+00 0.000000000000e+00 0.000000000000e+00
CS 0.000000000000e+00 0.000000000000e+00 0.000000000000e+00 0.000000000000e+00
CS2 0.000000000000e+00 0.000000000000e+00 0.000000000000e+00 0.000000000000e+00
CS2+ 0.000000000000e+00 0.000000000000e+00 0.000000000000e+00 0.000000000000e+00
CSH+ 0.000000000000e+00 0.000000000000e+00 0.000000000000e+00 0.000000000000e+00
ClO 0.000000000000e+00 0.000000000000e+00 0.000000000000e+00 0.000000000000e+00
ClO+ 0.000000000000e+00 0.000000000000e+00 0.000000000000e+00 0.000000000000e+00
FeH 0.000000000000e+00 0.000000000000e+00 0.000000000000e+00 0.000000000000e+00
H2C2S+ 0.000000000000e+00 0.000000000000e+00 0.000000000000e+00 0.000000000000e+00
H2C3O 0.000000000000e+00 0.000000000000e+00 0.000000000000e+00 0.000000000000e+00
H2C3O+ 0.000000000000e+00 0.000000000000e+00 0.000000000000e+00 0.000000000000e+00
H2C3S+ 0.000000000000e+00 0.000000000000e+00 0.000000000000e+00 0.000000000000e+00
H2C4N+ 0.000000000000e+00 0.000000000000e+00 0.000000000000e+00 0.000000000000e+00
H2CCN 0.000000000000e+00 0.000000000000e+00 0.000000000000e+00 0.000000000000e+00
H2CCO 0.000000000000e+00 0.000000000000e+00 0.000000000000e+00 0.000000000000e+00
HC2NCH+ 0.000000000000e+00 0.000000000000e+00 0.000000000000e+00 0.000000000000e+00
HC2S+ 0.000000000000e+00 0.000000000000e+00 0.000000000000e+00 0.000000000000e+00
HNS+ 0.000000000000e+00 0.000000000000e+00 0.000000000000e+00 0.000000000000e+00
HCOOH+ 0.000000000000e+00 0.000000000000e+00 0.000000000000e+00 0.000000000000e+00
HCNCC 0.000000000000e+00 0.000000000000e+00 0.000000000000e+00 0.000000000000e+00
HCNO 0.000000000000e+00 0.000000000000e+00 0.000000000000e+00 0.000000000000e+00
HCNO+ 0.000000000000e+00 0.000000000000e+00 0.000000000000e+00 0.000000000000e+00
HCNOH+ 0.000000000000e+00 0.000000000000e+00 0.000000000000e+00 0.000000000000e+00
HCNS 0.000000000000e+00 0.000000000000e+00 0.000000000000e+00 0.000000000000e+00
HCNS+ 0.000000000000e+00 0.000000000000e+00 0.000000000000e+00 0.000000000000e+00
HCNSH+ 0.000000000000e+00 0.000000000000e+00 0.000000000000e+00 0.000000000000e+00
HCO 0.000000000000e+00 0.000000000000e+00 0.000000000000e+00 0.000000000000e+00
HCOCHO 0.000000000000e+00 0.000000000000e+00 0.000000000000e+00 0.000000000000e+00
HCOCO 0.000000000000e+00 0.000000000000e+00 0.000000000000e+00 0.000000000000e+00
HCOOCH3 0.000000000000e+00 0.000000000000e+00 0.000000000000e+00 0.000000000000e+00
HCOOH 0.000000000000e+00 0.000000000000e+00 0.000000000000e+00 0.000000000000e+00
HCP 0.000000000000e+00 0.000000000000e+00 0.000000000000e+00 0.000000000000e+00
HC3N 0.000000000000e+00 0.000000000000e+00 0.000000000000e+00 0.000000000000e+00
HCP+ 0.000000000000e+00 0.000000000000e+00 0.000000000000e+00 0.000000000000e+00
HCS 0.000000000000e+00 0.000000000000e+00 0.000000000000e+00 0.000000000000e+00
HCS2+ 0.000000000000e+00 0.000000000000e+00 0.000000000000e+00 0.000000000000e+00
HCSi 0.000000000000e+00 0.000000000000e+00 0.000000000000e+00 0.000000000000e+00
HN2O+ 0.000000000000e+00 0.000000000000e+00 0.000000000000e+00 0.000000000000e+00
HNCCC 0.000000000000e+00 0.000000000000e+00 0.000000000000e+00 0.000000000000e+00
HNCO 0.000000000000e+00 0.000000000000e+00 0.000000000000e+00 0.000000000000e+00
HNCO+ 0.000000000000e+00 0.000000000000e+00 0.000000000000e+00 0.000000000000e+00
HNCOH+ 0.000000000000e+00 0.000000000000e+00 0.000000000000e+00 0.000000000000e+00
HNCS 0.000000000000e+00 0.000000000000e+00 0.000000000000e+00 0.000000000000e+00
HNCS+ 0.000000000000e+00 0.000000000000e+00 0.000000000000e+00 0.000000000000e+00
HNCSH+ 0.000000000000e+00 0.000000000000e+00 0.000000000000e+00 0.000000000000e+00
HCCSi 0.000000000000e+00 0.000000000000e+00 0.000000000000e+00 0.000000000000e+00
HCCS 0.000000000000e+00 0.000000000000e+00 0.000000000000e+00 0.000000000000e+00
HCCP 0.000000000000e+00 0.000000000000e+00 0.000000000000e+00 0.000000000000e+00
HCCNC 0.000000000000e+00 0.000000000000e+00 0.000000000000e+00 0.000000000000e+00
HC3N+ 0.000000000000e+00 0.000000000000e+00 0.000000000000e+00 0.000000000000e+00
HC3NH+ 0.000000000000e+00 0.000000000000e+00 0.000000000000e+00 0.000000000000e+00
HC3O 0.000000000000e+00 0.000000000000e+00 0.000000000000e+00 0.000000000000e+00
HC3O+ 0.000000000000e+00 0.000000000000e+00 0.000000000000e+00 0.000000000000e+00
HC3S 0.000000000000e+00 0.000000000000e+00 0.000000000000e+00 0.000000000000e+00
HC3S+ 0.000000000000e+00 0.000000000000e+00 0.000000000000e+00 0.000000000000e+00
HC4N 0.000000000000e+00 0.000000000000e+00 0.000000000000e+00 0.000000000000e+00
HC4N+ 0.000000000000e+00 0.000000000000e+00 0.000000000000e+00 0.000000000000e+00
HC4O+ 0.000000000000e+00 0.000000000000e+00 0.000000000000e+00 0.000000000000e+00
HC4S+ 0.000000000000e+00 0.000000000000e+00 0.000000000000e+00 0.000000000000e+00
HC5N 0.000000000000e+00 0.000000000000e+00 0.000000000000e+00 0.000000000000e+00
HC5N+ 0.000000000000e+00 0.000000000000e+00 0.000000000000e+00 0.000000000000e+00
HC5NH+ 0.000000000000e+00 0.000000000000e+00 0.000000000000e+00 0.000000000000e+00
HC5O+ 0.000000000000e+00 0.000000000000e+00 0.000000000000e+00 0.000000000000e+00
HC6N 0.000000000000e+00 0.000000000000e+00 0.000000000000e+00 0.000000000000e+00
HC6N+ 0.000000000000e+00 0.000000000000e+00 0.000000000000e+00 0.000000000000e+00
HC7N 0.000000000000e+00 0.000000000000e+00 0.000000000000e+00 0.000000000000e+00
HC7N+ 0.000000000000e+00 0.000000000000e+00 0.000000000000e+00 0.000000000000e+00
HC7O+ 0.000000000000e+00 0.000000000000e+00 0.000000000000e+00 0.000000000000e+00
HC8N 0.000000000000e+00 0.000000000000e+00 0.000000000000e+00 0.000000000000e+00
HC8N+ 0.000000000000e+00 0.000000000000e+00 0.000000000000e+00 0.000000000000e+00
HC9N 0.000000000000e+00 0.000000000000e+00 0.000000000000e+00 0.000000000000e+00
HC9O+ 0.000000000000e+00 0.000000000000e+00 0.000000000000e+00 0.000000000000e+00
HCCCHO 0.000000000000e+00 0.000000000000e+00 0.000000000000e+00 0.000000000000e+00
HCCCHOH+ 0.000000000000e+00 0.000000000000e+00 0.000000000000e+00 0.000000000000e+00
H2CNS+ 0.000000000000e+00 0.000000000000e+00 0.000000000000e+00 0.000000000000e+00
